0,91,168,89,160,85,150,83,17,80,139,80,128,82,119,85,111,91,102,97,95,101,93,110,87,116,85,125,83,134,82,147,84,156,86,163,89,167,92,-1,-1,162,95,167,92,172,89,185,87,193,88,195,89,-1,-1,186,91,189,90,195,89,205,91,212,94,222,101,
/*680*/ DATA 219,101,213,104,207,110,205,112,200,115,195,116,204,117,201,119,193,125,186,125,183,124,-1,-1,193,125,189,127,185,128,179,129,169,127,162,123,154,117,150,113,148,110,-1,-1,150,113,142,118,138,121,134,124,127,126,134,118,127,11
/*690*/ DATA 118,127,111,133,105,141,111,139,104,146,100,151,97,160,101,175,99,186,90,213,88,224,87,211,88,201,79,209,71,214,50,225,45,228,40,233,33,240,28,247,-1,-1,205,112,209,112,215,114,219,118,214,119,219,121,223,126,217,125,225,135,232
/*700*/ DATA 139,237,140,229,147,220,149,-1,-1,229,147,224,151,220,153,215,154,206,154,199,152,193,149,188,146,183,138,179,129,-1,-1,215,154,216,160,214,171,209,181,205,186,207,179,207,173,204,181,198,187,193,190,187,193,179,200,175,206,-1,-1
/*710*/ DATA 94,165,91,168,87,171,78,175,75,176,65,180,45,183,34,185,30,185,24,186,9,191,0,195,-14,203,-33,217,-40,225,-1,-1
/*720*/ DATA 34,185,39,176,41,162,40,150,35,139,29,128,27,117,28,102,32,85,39,69,35,87,33,100,35,116,38,129,43,142,45,146,47,131,54,114,61,102,69,92,78,82
/*730*/ DATA 92,71,116,56,133,48,177,35,214,23,227,21,242,21,257,20,265,18,273,14,-1,-1,242,21,230,24,216,27,202,33,181,45,154,57,135,63,-1,-1,154,57,179,50,195,49,213,49,227,46,236,42,-1,-1,213,49,202,52,195,52,184,55,173,60,169,63,164,66,-1
740,-1,169,63,183,63,220,66,220,71,251,82,297,103,325,113,347,118,357,120,342,121,328,120,308,116,299,113,298,114,310,120,326,124,345,127,360,360,132,395,146,410,153,432,161,475,181,484,189,460,181,484,197,497,207,506,219,513,233,519,248
/*750*/ DATA 522,263,522,273,519,286,512,296,492,316,480,325,470,330,480,330,502,322,491,332,474,341,444,350,419,357,426,358,441,355,432,361,406,366,351,370,329,368,-1,-1,40,233,43,239,47,244,54,249,59,251-1,-1,168,220,171,226,175,3-235,177,237,188,250
/*760*/ DATA 199,258,223,268,238,271,242,272,250,273,255,272,265,274,269,275,279,280,283,283,293,291,304,303,296,296,285,292,277,289,299,307,311,320,322,338,326,351,328,361,329,368,330,380,-1,-1,152,232,155,247,156,252,163,273
/*770*/ DATA 166,281,174,297,192,324,205,340,215,350,230,364,255,380,-1,-1,215,350,207,346,193,337,204,350,182,334,169,326,-1,-1,267,380,250,358,376,372,287,376,295,380,-1,-1
/*780*/ DATA //輪郭
/*790*/ DATA 188,146,190,166,190,168,189,170,177,191,176,195,175,206,173,211,172,214,168,220,163,225,156,230,152,232,143,235,133,240,128,241,124,239,120,236,114,231,105,222,102,219,98,216,-1,-1,71,214,62,240,59,251,58,252,57,255,53,267,-1,-1
/*800*/ DATA 120,236,117,242,116,246,114,254,114,265,118,268,118,269,118,275,134,291,-1,-1,141,300,152,307,163,317,169,326,182,350,184,355,186,357,187,367,191,380,-1,-1,58,250,55,251,28,247,13,245,-10,240,-15,240,-28,242,-40,245,-1,-1
/*810*/ DATA 83,147,80,147,76,150,71,160,70,168,71,172,75,176,-1,-1,104,380,107,378,111,355,113,352,117,345,127,330,134,325,137,325,143,328,144,330,134,346,131,352,130,355,125,365,122,80,-1,-1,144,330,148,326,152,325,158,327,161,331,161,335
/*820*/ DATA 159,345,157,350,155,355,144,375,140,380,-1,-1,159,345,166,341,170,340,174,342,175,346,174,356,173,359,168,372,164,380,-1,-1,174,356,181,353,182,353,384,355,-1,-1,187,367,185,380,-1,-1,104,380,100,373,96,370,93,370,89,371,888,888
830//
/*840*/ DATA 4,-28,242,-17,226,-2,210,11,201,26,195,56,188,68,185,80,180,89,174,95,169,93,182,89,190,80,199,59,209,40,217,26,228,17,239,13,245,-1,-1,62,240,57,236,62,231,50,225,-1,-1,45,183,48,178,80,170,48,155,53,161,52,153,53,145,58,133,68,117
/*850*/ DATA 77,106,91,94,102,87,-1,-1,113,81,125,78,140,76,173,77,195,81,234,94,282,117,304,128,317,133,330,137,348,147,328,146,313,147,305,150,301,154,298,159,297,162,-1,-1,303,198,308,205,328,222,348,235,367,241,385,244,402,241,412,235,421
/*860*/ DATA 225,424,218,425,209,424,200,416,186,412,180,425,186,444,195,462,209,475,222,482,231,487,242,490,257,490,266,487,277,481,287,472,295,465,299,459,300,469,302,479,299,469,308,47,326,436,333,423,338,405,341,422,345,406,350,373,354,339
/*870*/ DATA 353,326,351,-1,-1,94,157,90,148,88,135,89,122,91,115,93,119,94,112,98,104,105,97,110,94,106,100,104,105,113,97,122,92,133,89,143,90,149,93,151,97,151,99,149,102,136,110,121,117,129,108,120,112,110,120,104,128,98,140,94,152,94,157
/*880*/ DATA -1,-1,155,106,168,98,181,93,188,93,198,96,209,100,200,105,188,116,181,119,175,119,166,114,155,106,-1,-1,201,119,209,122,215,127,219,134,211,132,216,137,221,140,225,141,221,144,212,146,200,143,192,138,188,134,185,128,-1,-1
/*890*/ DATA 206,154,206,163,202,171,196,179,187,187,190,177,189,170,-1,-1,163,225,172,243,184,258,194,268,212,279,232,286,253,292,265,299,275,307,262,303,254,303,269,310,286,320,306,343,318,360,326,380,-1,-1,156,230,162,250,169,269,186,299
/*900*/ DATA 200,318,217,336,223,341,227,343,221,333,216,321,225,331,238,340,284,364,302,373,310,380,-1,-1,192,324,170,310,148,295,-1,-1,140,286,118,269,-1,-1,45,146,44,133,46,116,49,106,54,96,58,91,888,888
910//
/*920*/ DATA 0,101,93,102,87,104,81,106,76,111,79,113,81,116,85,-1,-1,-40,271,-5,286,1,289,39,303,70,317,86,328,90,332,93,337,96,346,97,350,92,364,89,371,83,380,-1,-1,90,332,85,343,70,363,62,373,55,380,-1,-1,92,364,101,368,104,368,107,368,-1,-1,107,357,106,364,107,368,-1,-1,115,339,113,336,111,334,102,330,-1,-1,114,265,114,278,109,303,107,312,-1,-1,118,269,118,275,115,304,114,306,-1,-1
/*940*/ DATA 113,321,111,334,-1,-1,57,255,32,270,1,289,-1,-1,55,251,29,265,-5,286,-1,-1,18,256,29,265,-1,-1,32,270,61,288,70,293,73,297,78,300,-1,-1,78,291,84,297,94,299,109,303,-1,-1,115,304,117,304,-1,-1,130,307,147,311,-1,-1
950//
/*960*/ DATA 142,118,146,120,151,123,151,125,150,126,144,122,138,121,-1,-1,173,141,175,139,179,139,185,143,186,145,179,141,176,141,174,143,173,141,888,888,5,117,141,119,136,121,133,-1,-1,144,138,143,146,141,152,-1,-1,165,163168,156,-1,-1
/*970*/ DATA 186,161,184,168,888,888,0,121,133,126,130,131,128,137,129,141,131,143,134,144,138,-1,-1,168,156,173,152,178,151,181,151,184,153,186,156,186,162,-1,-1,115,145,116,143,117,41,120,138,124,135,129,133,133,133,137,135,140,139,141,145
/*980*/ DATA 141,152,140,153,141,151,139,143,137,139,132,136,127,136,122,138,118,141,115,145,-1,-1,165,163,170,158,176,156,178,155,180,155,183,157,185,162,184,168,183,173,182,163,179,159,172,159,165,163,-1,-1,130,168,124,166,120,164,115,161
/*990*/ DATA 113,158,-1,-1,164,183,169,185,173,186,176,186,-1,-1,149,173,150,174,154,176,154.5,178,154,180,153,181,149,185,148,187,146,190,-1,-1,143,205,137,203,125,197,119,193,116,190,-1,-1,125,217,128,220,-1,-1,86,328,107,312,114,306,117,304
/*1000*/ DATA 134,291,140,286,145,281,155,275,-1,-1,93,337,102,330,113,321,130,307,141,300,148,295,153,290,158,287,-1,-1,90,332,157,280,-1,-1,140,153,139.5,155,139,158,137,162,136,164,134,166,132,167,130,167,127,165,126,162,126,160,127,157,128
/*1010*/ DATA 153,132,149,135,148,138,149,140,151,139.5,155,-1,-1,174,181,172,182,170,182,168,179,168,177,169,175,170,171,173,167,176,165,178,165,180,167,181,170,179,174,177,178,174,181,-1,-1,139.5,155,138,152,135,152,133,153,131,156,130,159
/*1020*/ DATA 130,162,131,164,133,165,136,164,-1,-1,181,170,178,169,176,169,174,172,172,175,171,177,172,180,174,181,-1,-1,172,175,170,174,169,175,-1,-1,171,177,170,178,168,177,-1,-1,127,157,128,156,129,156,130,159,129,161,127,162,126,160,888,888
/*1030*/ DATA 
/*1040*/ DATA 4,150,126,160,134,174,143,178,151,-1,-1,164,183,167,193,167,199,163,209,158,216,150,222,133,230,124,232,120,232,144,231,-1,-1,98,216,98,236,101,252,101,258,99,264,94,273,78,291,-1,-1,153,181,151,181,146,183,143,186143,188
/*1050*/ DATA 145,190,146,190,-1,-1,125,217,123,216,121,218,122,222,126,224,128,224,129,222,128,220,-1,-1,70,317,72,325,72,333,68,345,59,358,44,375,38,380,-1,-1,96,346,99,349,105,351,109,352,111,355,-1,-1,113,352,118,355,121,356,127,355,131,352
/*1060*/ DATA -1,-1,130,355,135,358,140,358,149,355,157,350,-1,-1,155,355,163,360,168,360,173,359,888,888,0,101,368,100,373,888,888,7,115,145,114,148,113,153,113,158,-1,-1,165,163,164,170,163,177,163,180,164,183,-1,-1,183,173,181,178,178,183
/*1070*/ DATA 176,186,888,888,0,105,222,116,246,888,888
1080//
/*1090*/ DATA 0,216,160,220,162,222,161,231,156,236,150,237,155,235,158,237,158,244,155,255,153,258,153,265,151,269,148,268,152,266,153,270,153,282,154,292,152,292,155,289,160,286,163,292,164,297,162,299,171,296,187,300,184,304,179,304,190,303
/*1100*/ DATA 198,300,205,296,212,301,210,301,218,298,230,293,240,290,245,286,250,284,252,287,253,289,252,287,256,280,266,273,273,269,275,-1,-1,193,190,190,195,189,201,189,206,-1,-1,198,205,192,209,188,210,185,211,179,209,175,206,-1,-1,172,214
/*1110*/ DATA 174,218,178,221,181,222,186,222,-1,-1,178,221,171,226,-1,-1,175,235,180,228,184,224,186,222,193,216,195,213,198,205,203,196,206,192,214,187,226,184,233,184,244,197,249,200,252,201,261,203,263,203,266,205,270,210,272,220,273,235
/*1120*/ DATA 271,244,268,250,261,260,257,268,255,272,-1,-1,261,260,261,262,262,268,265,274,888,888,4,233,170,242,164,254,160,257,160,255,164,266,160,275,159,283,161,279,164,277,170,277,174,279,179,283,180,286,179,290,175,291,181,290,190,289
/*1130*/ DATA 162,291,193,291,196,289,205,285,213,283,214,282,213,280,208,281,200,280,193,277,195,276,194,274,187,272,186,262,189,260,187,258,187,260,181,258,176,253,173,246,173,247,171,246,170,235,171,233,170,888,888,0,189,206,188,210,-1,-1
1140//
/*1150*/ DATA 189,206,194,201,196,200,197,202,198,205,-1,-1,261,262,265,258,272,255,274,255,277,257,277,261,275,265,270,271,265,274,-1,-1,255,190,227,189,230,189,236,192,239,196,-1,-1,254,206,257,206,261,209,263,212,264,215,-1,-1,222,236,220
/*1160*/ DATA 235,219,236,219,238,220,242,-1,1,177,237,179,234,185,229,190,227,192,227,200,230,205,234,210,241,212,243,217,248,227,253,233,255,237,257,239,259,240,261,242,268,242,272,-1,-1,190,227,188,232,187,236,187,238,188,240,189,240,199
/*1170*/ DATA 236,201,236,202,239,210,241,-1,-1,212,243,213,248,215,250,218,250,220,253,228,258,226,265,227,266,230,267,234,265,240,261,666,666,-1,-1
/*1180*/ DATA 290,245,293,253,296,259,301,265,309,271,318,275,321,279,322,282,321,287,319,290,318,294,315,297,313,298,310,298,306,295,299,288,296,285,289,283,283,283,-1,-1,156,252,145,270,143,275,143,278,145,281,-1,-1,166,281,164,286,163,293
/*1190*/ DATA 160,295,158,292,157,289,158,287,157,280,155,275,156,267,-1,-1,153,289,158,292,-1,-1,255,218,223,220,-1,-1,237,225,234,227,888,888,4,252,201,254,206,-1,-1,264,215,258,227,-1,-1,237,245,237,257,-1,-1,287,256,293,270,296,285,-1,-1
/*1200*/ DATA 222,236,224,239,224,243,222,243,220,242,888,888
1210//
/*1220*/ DATA 7,-40,80,-36,81,-34,83,-29,78,-18,73,-9,74,-5,64,4,54,15,49,25,46,30,37,40,30,45,27,48,21,43,10,40,0,-1,-1,-40,156,-37,158,-35,166,-32,170,-26,174,-15,177,-11,177,-6,173,0,178,5,180,16,180,24,177,23,182,24,186,-1,-1
/*1230*/ DATA 275,0,282,8,285,15,283,27,281,31,277,34,279,38,284,35,288,34,290,35,294,26,301,18,306,15,315,11,327,10,333,11,341,14,343,10,347,7,355,5,363,6,370,9,377,16,379,23,385,24,393,27,404,36,408,42,410,51,416,50
/*1240*/ DATA 426,51,437,58,446,67,451,80,453,90,452,93,454,94,456,96,463,93,471,92,80,95,487,100,494,112,497,125,497,129,504,126,506,127,510,119,519,112,525,110,530,110,-1,-1,522,273,525,274,530,272,-1,-1,45,27,38,38,37,41,37,49,35,52,17,60
/*1250*/ DATA 8,67,3,74,1,82,1,87,2,91,-6,94,-8,103,-25,114,-26,119,-33,120,-40,125,-1,-1,306,15,321,15,336,17,355,24,370,34,377,46,380,56,382,65,394,72,402,79,408,87,411,96,411,103,410,109,418,110,431,117,444,128,450,135,454,143,456,154,466
/*1260*/ DATA 157,475,163,485,173,492,187,497,185,518,185,530,188,999,999
1270//
/*1280*/ DATA 0,45,146,24,186,45,183,75,176,78,175,87,17,91,160,103,87,113,81,-28,242,13,245,50,225,62,240,201,119,185,128,297,162,303,198,326,351,163,225,156,230,174,143,150,126,178,151,178,151,164,183,114,231,70,317,96,346,105,351,109,352
/*1290*/ DATA 111,355,113,352,131,352,130,355,157,350,155,355,173,359,118,269,140,286,148,295,192,324,522,273,432,361,237,257,252,201,258,227,287,256,296,285,237,245,61,239,119,269,191,324,190,323,189,323,106,351,71,318,433,361,434,361,206,154
/*1300*/ DATA 189,170,189,172,431.5,361,432.5,361,435,361,436,361,153,181,146,190,125,217,128,220,222,236,220,242,254,206,264,215,115,231,116,231,999,999
1310//
/*1320*/ DATA 370,200,2,155,100,2,230,142,2,210,160,2,0,200,2,50,220,2,50,240,2,130,283,2,180,325,2,235,350,2,260,285,2,250,190,2,185,215,2,177,25,2,260,278,2,263
/*1330*/ DATA 107,101,2,217,132,2,270,272,2,264,257,2,262,259,2,296.5,185,2,93,168,2,216,132,2,266,151,2,108,140,2,130,124,2,256.5,163,2,197,207,2,140,135,3,180,153,3,120,137,3,121,136,3,400,300,5
/*1340*/ DATA 250,130,5,65,150,5,130,100,5,180,105,5,200,130,5,200,160,5,50,200,5,60,225,5,135,250,5,170,300,5,220,300,5,270,170,5,94,170,5,106,97,5,256,163,5,105,102,5,126,113,5,188,320,5,218,325,5,217,325,5,108,96,5,106,102,5,101.5,91,5
/*1350*/ DATA 124,111,5,256,163,5,257,163,5,125,111,5,178,140,1,135,157,1,175,175,1,115,235,1,149,124,1,145,122,1,143,120,1,123,137,1,135,136,1,137,138,1,184,142,1,170,160,1,108,226,1,137,137,1,182,160,1,139,141,1,140,145,1,174,141,1
/*1360*/ DATA 125,145,4,170,165,4,215,210,4,245,230,4,195,233,4,233,260,4,-20,90,4,500,150,4,128,160,4,170,176,4,215,248,4,241,252,4,224,254,4,70,350,4,25,270,4,115,285,4,120,305,4,110,320,4,109,328,4,94,367,4,42,29,4,70,350,8
/*1370*/ DATA 130,180,6,0,260,6,125,290,6,140,320,6,103,372,6,130,3406,150,340,6,165,350,6,187,378,6,80,165,6,193,205,6,240,205,6,230,250,6,270,315,6,150,270,6,285,275,6,165,130,7,185,148,7,160,220,7,105,270,7,90,375,7,115,370,7,135,370,7
/*1380*/ DATA 160,370,7,180,370,7,310,280,7,270,265,7,255,255,7,221,239,7,125,220,7,145,187,7,255,203,7,80,360,9,100,340,9,110,345,9,113,350,9,98,360,4,105,357,4,109,357,4,98,360,10,105,357,10,109,357,10,108,83,11,185,205,11,172,221,11
/*1390*/ DATA 191,192,11,200,250,12,238,267,12,350,100,13,167,51,13,301,115,13,304,117,13,310,119,13,467,185,13,169,51,13,304.5,117,13,468,185,13,500,50,14,290,20,14,0,30,14,-20,190,14,40,245,14,210,360,14,275,377,14,500,350,14,340,13,14,50
/*1400*/ DATA 249,14,201,345,14,254,362,14,430,356,14,999,999
/*1410*/ DATA 
/*1420*/ DATA 0,104,81,106,82,111,79,-1,-1,102,87,107,86,113,81,-1,-1,87,171,85,166,83,159,80,154,78,154,77,157,-1,-1,85,166,83,166,80,168,79,170,78,175,-1,-1,83,159,80,158,77,161,76,165,76,170,78,175,-1,-1,262,268,268,262,270,261,273,260,-1
/*1430*/ DATA -1,270,261,269,265,267,269,-1,-1,120,138,117,135,114,130,-1,-1,117,141,113,137,110,132,-1,-1,116,143,112,141,108,137,-1,-1,183,173,187,176,190,176,-1,-1,184,168,186,171,190,172,-1,-1,184,165,188,168,190,168,-1,-1,113,158112,159
1440,-1,-1,115,161,114,162,-1,-1,173,186,174,187,-1,-1,176,186,177,187,999,999




